,Player,Team,Opp,Score,Attempts,Rushing YDS,Rush TD,Receptions,Rec YDS,Rec TD,Targets,2PC,Fuml
0,Steven Jackson,NE,@Den,0.0,0.0,0.0,0.0,0.0,0.0,0.0,0.0,0.0,0.0
1,Frank Gore,Ind,Pit,0.0,0.0,0.0,0.0,0.0,0.0,0.0,0.0,0.0,0.0
2,Darren Sproles,Phi,bye,0.0,0.0,0.0,0.0,0.0,0.0,0.0,0.0,0.0,0.0
3,John Kuhn,NO,@Buf,0.0,0.0,0.0,0.0,0.0,0.0,0.0,0.0,0.0,0.0
4,Reggie Bush,Buf,NO,0.0,0.0,0.0,0.0,0.0,0.0,0.0,0.0,0.0,0.0
5,DeAngelo Williams,Pit,@Ind,0.0,0.0,0.0,0.0,0.0,0.0,0.0,0.0,0.0,0.0
6,Fred Jackson,Sea,@Ari,0.0,0.0,0.0,0.0,0.0,0.0,0.0,0.0,0.0,0.0
7,Adrian Peterson,Ari,Sea,0.0,0.0,0.0,0.0,0.0,0.0,0.0,0.0,0.0,0.0
8,Marshawn Lynch,Oak,bye,0.0,0.0,0.0,0.0,0.0,0.0,0.0,0.0,0.0,0.0
9,Ahmad Bradshaw,Ind,Pit,0.0,0.0,0.0,0.0,0.0,0.0,0.0,0.0,0.0,0.0
10,Pierre Thomas,Wsh,Min,0.0,0.0,0.0,0.0,0.0,0.0,0.0,0.0,0.0,0.0
11,Darren McFadden,Dal,@Atl,0.0,0.0,0.0,0.0,0.0,0.0,0.0,0.0,0.0,0.0
12,Jonathan Stewart,Car,Mia,0.0,0.0,0.0,0.0,0.0,0.0,0.0,0.0,0.0,0.0
13,Chris Johnson,Ari,Sea,0.0,0.0,0.0,0.0,0.0,0.0,0.0,0.0,0.0,0.0
14,Matt Forte,NYJ,@TB,0.0,0.0,0.0,0.0,0.0,0.0,0.0,0.0,0.0,0.0
15,Jamaal Charles,Den,NE,0.0,0.0,0.0,0.0,0.0,0.0,0.0,0.0,0.0,0.0
16,Jerome Felton,Buf,NO,0.0,0.0,0.0,0.0,0.0,0.0,0.0,0.0,0.0,0.0
17,Tim Hightower,SF,NYG,0.0,0.0,0.0,0.0,0.0,0.0,0.0,0.0,0.0,0.0
18,Justin Forsett,Den,NE,0.0,0.0,0.0,0.0,0.0,0.0,0.0,0.0,0.0,0.0
19,Mike Tolbert,Buf,NO,0.0,0.0,0.0,0.0,0.0,0.0,0.0,0.0,0.0,0.0
20,Marcel Reece,Sea,@Ari,0.0,0.0,0.0,0.0,0.0,0.0,0.0,0.0,0.0,0.0
21,Danny Woodhead,Bal,bye,0.0,0.0,0.0,0.0,0.0,0.0,0.0,0.0,0.0,0.0
22,Donald Brown,NE,@Den,0.0,0.0,0.0,0.0,0.0,0.0,0.0,0.0,0.0,0.0
23,Arian Foster,Mia,@Car,0.0,0.0,0.0,0.0,0.0,0.0,0.0,0.0,0.0,0.0
24,Rashad Jennings,NYG,@SF,0.0,0.0,0.0,0.0,0.0,0.0,0.0,0.0,0.0,0.0
25,Jorvorskie Lane,TB,NYJ,0.0,0.0,0.0,0.0,0.0,0.0,0.0,0.0,0.0,0.0
26,LeSean McCoy,Buf,NO,0.0,0.0,0.0,0.0,0.0,0.0,0.0,0.0,0.0,0.0
27,Cedric Peerman,Cin,@Ten,0.0,0.0,0.0,0.0,0.0,0.0,0.0,0.0,0.0,0.0
28,Marcus Thigpen,Buf,NO,0.0,0.0,0.0,0.0,0.0,0.0,0.0,0.0,0.0,0.0
29,Darrel Young,Car,Mia,0.0,0.0,0.0,0.0,0.0,0.0,0.0,0.0,0.0,0.0
30,Antone Smith,TB,NYJ,0.0,0.0,0.0,0.0,0.0,0.0,0.0,0.0,0.0,0.0
31,C.J. Spiller,KC,bye,0.0,0.0,0.0,0.0,0.0,0.0,0.0,0.0,0.0,0.0
32,Ryan Mathews,Phi,bye,0.0,0.0,0.0,0.0,0.0,0.0,0.0,0.0,0.0,0.0
33,Dexter McCluster,LAC,@Jax,0.0,0.0,0.0,0.0,0.0,0.0,0.0,0.0,0.0,0.0
34,Ben Tate,Pit,@Ind,0.0,0.0,0.0,0.0,0.0,0.0,0.0,0.0,0.0,0.0
35,Toby Gerhart,Jax,LAC,0.0,0.0,0.0,0.0,0.0,0.0,0.0,0.0,0.0,0.0
36,Boobie Dixon,Buf,NO,0.0,0.0,0.0,0.0,0.0,0.0,0.0,0.0,0.0,0.0
37,LeGarrette Blount,Phi,bye,0.0,0.0,0.0,0.0,0.0,0.0,0.0,0.0,0.0,0.0
38,James Starks,GB,@Chi,0.0,0.0,0.0,0.0,0.0,0.0,0.0,0.0,0.0,0.0
39,Joique Bell,Det,Cle,0.0,0.0,0.0,0.0,0.0,0.0,0.0,0.0,0.0,0.0
40,Chris Ivory,Jax,LAC,0.0,0.0,0.0,0.0,0.0,0.0,0.0,0.0,0.0,0.0
41,James Develin,NE,@Den,0.0,0.0,0.0,0.0,0.0,0.0,0.0,0.0,0.0,0.0
42,Tyler Clutts,Dal,@Atl,0.0,0.0,0.0,0.0,0.0,0.0,0.0,0.0,0.0,0.0
43,Mark Ingram,NO,@Buf,0.0,0.0,0.0,0.0,0.0,0.0,0.0,0.0,0.0,0.0
44,DeMarco Murray,Ten,Cin,0.0,0.0,0.0,0.0,0.0,0.0,0.0,0.0,0.0,0.0
45,Shane Vereen,NYG,@SF,0.0,0.0,0.0,0.0,0.0,0.0,0.0,0.0,0.0,0.0
46,Stevan Ridley,Min,@Wsh,0.0,0.0,0.0,0.0,0.0,0.0,0.0,0.0,0.0,0.0
47,Ryan Williams,Dal,@Atl,0.0,0.0,0.0,0.0,0.0,0.0,0.0,0.0,0.0,0.0
48,Daniel Thomas,Mia,@Car,0.0,0.0,0.0,0.0,0.0,0.0,0.0,0.0,0.0,0.0
49,Bilal Powell,NYJ,@TB,0.0,0.0,0.0,0.0,0.0,0.0,0.0,0.0,0.0,0.0
50,Anthony Sherman,KC,bye,0.0,0.0,0.0,0.0,0.0,0.0,0.0,0.0,0.0,0.0
51,Kendall Hunter,NO,@Buf,0.0,0.0,0.0,0.0,0.0,0.0,0.0,0.0,0.0,0.0
52,Taiwan Jones,Buf,NO,0.0,0.0,0.0,0.0,0.0,0.0,0.0,0.0,0.0,0.0
53,Jordan Todman,Hou,@LAR,0.0,0.0,0.0,0.0,0.0,0.0,0.0,0.0,0.0,0.0
54,Roy Helu Jr.,Oak,bye,0.0,0.0,0.0,0.0,0.0,0.0,0.0,0.0,0.0,0.0
55,Jacquizz Rodgers,TB,NYJ,0.0,0.0,0.0,0.0,0.0,0.0,0.0,0.0,0.0,0.0
56,Dion Lewis,NE,@Den,0.0,0.0,0.0,0.0,0.0,0.0,0.0,0.0,0.0,0.0
57,DuJuan Harris,Jax,LAC,0.0,0.0,0.0,0.0,0.0,0.0,0.0,0.0,0.0,0.0
58,Patrick DiMarco,Buf,NO,0.0,0.0,0.0,0.0,0.0,0.0,0.0,0.0,0.0,0.0
59,Matt Asiata,Det,Cle,0.0,0.0,0.0,0.0,0.0,0.0,0.0,0.0,0.0,0.0
60,Shaun Draughn,NYG,@SF,0.0,0.0,0.0,0.0,0.0,0.0,0.0,0.0,0.0,0.0
61,Chase Reynolds,LAR,Hou,0.0,0.0,0.0,0.0,0.0,0.0,0.0,0.0,0.0,0.0
62,Will Johnson,NYG,@SF,0.0,0.0,0.0,0.0,0.0,0.0,0.0,0.0,0.0,0.0
63,Trent Richardson,Bal,bye,0.0,0.0,0.0,0.0,0.0,0.0,0.0,0.0,0.0,0.0
64,Doug Martin,TB,NYJ,0.0,0.0,0.0,0.0,0.0,0.0,0.0,0.0,0.0,0.0
65,Lamar Miller,Hou,@LAR,0.0,0.0,0.0,0.0,0.0,0.0,0.0,0.0,0.0,0.0
66,Isaiah Pead,Mia,@Car,0.0,0.0,0.0,0.0,0.0,0.0,0.0,0.0,0.0,0.0
67,Chris Polk,Hou,@LAR,0.0,0.0,0.0,0.0,0.0,0.0,0.0,0.0,0.0,0.0
68,LaMike James,Mia,@Car,0.0,0.0,0.0,0.0,0.0,0.0,0.0,0.0,0.0,0.0
69,Bernard Pierce,Den,NE,0.0,0.0,0.0,0.0,0.0,0.0,0.0,0.0,0.0,0.0
70,Robert Turbin,Ind,Pit,0.0,0.0,0.0,0.0,0.0,0.0,0.0,0.0,0.0,0.0
71,Ronnie Hillman,Dal,@Atl,0.0,0.0,0.0,0.0,0.0,0.0,0.0,0.0,0.0,0.0
72,Cyrus Gray,Atl,Dal,0.0,0.0,0.0,0.0,0.0,0.0,0.0,0.0,0.0,0.0
73,Vick Ballard,NO,@Buf,0.0,0.0,0.0,0.0,0.0,0.0,0.0,0.0,0.0,0.0
74,Alfred Morris,Dal,@Atl,0.0,0.0,0.0,0.0,0.0,0.0,0.0,0.0,0.0,0.0
75,Daniel Herron,Buf,NO,0.0,0.0,0.0,0.0,0.0,0.0,0.0,0.0,0.0,0.0
76,Bryce Brown,Sea,@Ari,0.0,0.0,0.0,0.0,0.0,0.0,0.0,0.0,0.0,0.0
77,Daryl Richardson,Ind,Pit,0.0,0.0,0.0,0.0,0.0,0.0,0.0,0.0,0.0,0.0
78,Cory Harkey,LAR,Hou,0.0,0.0,0.0,0.0,0.0,0.0,0.0,0.0,0.0,0.0
79,Joe Banyard,Buf,NO,0.0,0.0,0.0,0.0,0.0,0.0,0.0,0.0,0.0,0.0
80,Derrick Coleman,Atl,Dal,0.0,0.0,0.0,0.0,0.0,0.0,0.0,0.0,0.0,0.0
81,Jonas Gray,Jax,LAC,0.0,0.0,0.0,0.0,0.0,0.0,0.0,0.0,0.0,0.0
82,Lance Dunbar,LAR,Hou,0.0,0.0,0.0,0.0,0.0,0.0,0.0,0.0,0.0,0.0
83,Travaris Cadet,Buf,NO,0.0,0.0,0.0,0.0,0.0,0.0,0.0,0.0,0.0,0.0
84,Brandon Bolden,NE,@Den,0.0,0.0,0.0,0.0,0.0,0.0,0.0,0.0,0.0,0.0
85,Bobby Rainey Jr.,Bal,bye,0.0,0.0,0.0,0.0,0.0,0.0,0.0,0.0,0.0,0.0
86,Jonathan Grimes,Jax,LAC,0.0,0.0,0.0,0.0,0.0,0.0,0.0,0.0,0.0,0.0
87,Jamize Olawale,Oak,bye,0.0,0.0,0.0,0.0,0.0,0.0,0.0,0.0,0.0,0.0
88,Fozzy Whittaker,Car,Mia,0.0,0.0,0.0,0.0,0.0,0.0,0.0,0.0,0.0,0.0
89,Montee Ball,FA,bye,0.0,0.0,0.0,0.0,0.0,0.0,0.0,0.0,0.0,0.0
90,Le'Veon Bell,Pit,@Ind,0.0,0.0,0.0,0.0,0.0,0.0,0.0,0.0,0.0,0.0
91,Giovani Bernard,Cin,@Ten,0.0,0.0,0.0,0.0,0.0,0.0,0.0,0.0,0.0,0.0
92,Knile Davis,Pit,@Ind,0.0,0.0,0.0,0.0,0.0,0.0,0.0,0.0,0.0,0.0
93,Eddie Lacy,Sea,@Ari,0.0,0.0,0.0,0.0,0.0,0.0,0.0,0.0,0.0,0.0
94,Christine Michael,Ind,Pit,0.0,0.0,0.0,0.0,0.0,0.0,0.0,0.0,0.0,0.0
95,Andre Ellington,Ari,Sea,0.0,0.0,0.0,0.0,0.0,0.0,0.0,0.0,0.0,0.0
96,Latavius Murray,Min,@Wsh,0.0,0.0,0.0,0.0,0.0,0.0,0.0,0.0,0.0,0.0
97,Kenjon Barner,Phi,bye,0.0,0.0,0.0,0.0,0.0,0.0,0.0,0.0,0.0,0.0
98,Denard Robinson,Jax,LAC,0.0,0.0,0.0,0.0,0.0,0.0,0.0,0.0,0.0,0.0
99,Mike Gillislee,NE,@Den,0.0,0.0,0.0,0.0,0.0,0.0,0.0,0.0,0.0,0.0
100,Chris Thompson,Wsh,Min,0.0,0.0,0.0,0.0,0.0,0.0,0.0,0.0,0.0,0.0
101,Mike James,Det,Cle,0.0,0.0,0.0,0.0,0.0,0.0,0.0,0.0,0.0,0.0
102,Rex Burkhead,NE,@Den,0.0,0.0,0.0,0.0,0.0,0.0,0.0,0.0,0.0,0.0
103,Tommy Bohanon,Jax,LAC,0.0,0.0,0.0,0.0,0.0,0.0,0.0,0.0,0.0,0.0
104,Stepfan Taylor,Ari,Sea,0.0,0.0,0.0,0.0,0.0,0.0,0.0,0.0,0.0,0.0
105,Theo Riddick,Det,Cle,0.0,0.0,0.0,0.0,0.0,0.0,0.0,0.0,0.0,0.0
106,Zac Stacy,NYJ,@TB,0.0,0.0,0.0,0.0,0.0,0.0,0.0,0.0,0.0,0.0
107,Kyle Juszczyk,SF,NYG,0.0,0.0,0.0,0.0,0.0,0.0,0.0,0.0,0.0,0.0
108,Joseph Randle,FA,bye,0.0,0.0,0.0,0.0,0.0,0.0,0.0,0.0,0.0,0.0
109,Spencer Ware,KC,bye,0.0,0.0,0.0,0.0,0.0,0.0,0.0,0.0,0.0,0.0
110,Kerwynn Williams,Ari,Sea,0.0,0.0,0.0,0.0,0.0,0.0,0.0,0.0,0.0,0.0
111,C.J. Anderson,Den,NE,0.0,0.0,0.0,0.0,0.0,0.0,0.0,0.0,0.0,0.0
112,Benny Cunningham,Chi,GB,0.0,0.0,0.0,0.0,0.0,0.0,0.0,0.0,0.0,0.0
113,Kendall Gaskins,SF,NYG,0.0,0.0,0.0,0.0,0.0,0.0,0.0,0.0,0.0,0.0
114,Steven Miller,Det,Cle,0.0,0.0,0.0,0.0,0.0,0.0,0.0,0.0,0.0,0.0
115,Zach Line,NO,@Buf,0.0,0.0,0.0,0.0,0.0,0.0,0.0,0.0,0.0,0.0
116,George Winn,Ind,Pit,0.0,0.0,0.0,0.0,0.0,0.0,0.0,0.0,0.0,0.0
117,Khiry Robinson,NYJ,@TB,0.0,0.0,0.0,0.0,0.0,0.0,0.0,0.0,0.0,0.0
118,Charles Sims,TB,NYJ,0.0,0.0,0.0,0.0,0.0,0.0,0.0,0.0,0.0,0.0
119,Dri Archer,Buf,NO,0.0,0.0,0.0,0.0,0.0,0.0,0.0,0.0,0.0,0.0
120,Carlos Hyde,SF,NYG,0.0,0.0,0.0,0.0,0.0,0.0,0.0,0.0,0.0,0.0
121,Jerick McKinnon,Min,@Wsh,0.0,0.0,0.0,0.0,0.0,0.0,0.0,0.0,0.0,0.0
122,Terrance West,Bal,bye,0.0,0.0,0.0,0.0,0.0,0.0,0.0,0.0,0.0,0.0
123,Tre Mason,LAR,Hou,0.0,0.0,0.0,0.0,0.0,0.0,0.0,0.0,0.0,0.0
124,Bishop Sankey,Min,@Wsh,0.0,0.0,0.0,0.0,0.0,0.0,0.0,0.0,0.0,0.0
125,Jeremy Hill,Cin,@Ten,0.0,0.0,0.0,0.0,0.0,0.0,0.0,0.0,0.0,0.0
126,Tyler Gaffney,Jax,LAC,0.0,0.0,0.0,0.0,0.0,0.0,0.0,0.0,0.0,0.0
127,Storm Johnson,Mia,@Car,0.0,0.0,0.0,0.0,0.0,0.0,0.0,0.0,0.0,0.0
128,Lache Seastrunk,NYJ,@TB,0.0,0.0,0.0,0.0,0.0,0.0,0.0,0.0,0.0,0.0
129,Andre Williams,LAC,@Jax,0.0,0.0,0.0,0.0,0.0,0.0,0.0,0.0,0.0,0.0
130,James White,NE,@Den,0.0,0.0,0.0,0.0,0.0,0.0,0.0,0.0,0.0,0.0
131,Ka'Deem Carey,Chi,GB,0.0,0.0,0.0,0.0,0.0,0.0,0.0,0.0,0.0,0.0
132,Devonta Freeman,Atl,Dal,0.0,0.0,0.0,0.0,0.0,0.0,0.0,0.0,0.0,0.0
133,Lorenzo Taliaferro,Bal,bye,0.0,0.0,0.0,0.0,0.0,0.0,0.0,0.0,0.0,0.0
134,Marion Grice,Ari,Sea,0.0,0.0,0.0,0.0,0.0,0.0,0.0,0.0,0.0,0.0
135,Isaiah Crowell,Cle,@Det,0.0,0.0,0.0,0.0,0.0,0.0,0.0,0.0,0.0,0.0
136,Alfred Blue,Hou,@LAR,0.0,0.0,0.0,0.0,0.0,0.0,0.0,0.0,0.0,0.0
137,Damien Williams,Mia,@Car,0.0,0.0,0.0,0.0,0.0,0.0,0.0,0.0,0.0,0.0
138,Juwan Thompson,Den,NE,0.0,0.0,0.0,0.0,0.0,0.0,0.0,0.0,0.0,0.0
139,Kapri Bibbs,SF,NYG,0.0,0.0,0.0,0.0,0.0,0.0,0.0,0.0,0.0,0.0
140,Branden Oliver,LAC,@Jax,0.0,0.0,0.0,0.0,0.0,0.0,0.0,0.0,0.0,0.0
141,Antonio Andrews,Ten,Cin,0.0,0.0,0.0,0.0,0.0,0.0,0.0,0.0,0.0,0.0
142,Darrin Reaves,KC,bye,0.0,0.0,0.0,0.0,0.0,0.0,0.0,0.0,0.0,0.0
143,Silas Redd,Wsh,Min,0.0,0.0,0.0,0.0,0.0,0.0,0.0,0.0,0.0,0.0
144,Ryan Hewitt,Cin,@Ten,0.0,0.0,0.0,0.0,0.0,0.0,0.0,0.0,0.0,0.0
145,Trey Watts,LAR,Hou,0.0,0.0,0.0,0.0,0.0,0.0,0.0,0.0,0.0,0.0
146,Austin Johnson,TB,NYJ,0.0,0.0,0.0,0.0,0.0,0.0,0.0,0.0,0.0,0.0
147,Jay Prosch,Hou,@LAR,0.0,0.0,0.0,0.0,0.0,0.0,0.0,0.0,0.0,0.0
148,Orleans Darkwa,NYG,@SF,0.0,0.0,0.0,0.0,0.0,0.0,0.0,0.0,0.0,0.0
149,Senorise Perry,Mia,@Car,0.0,0.0,0.0,0.0,0.0,0.0,0.0,0.0,0.0,0.0
150,Glenn Winston,Cle,@Det,0.0,0.0,0.0,0.0,0.0,0.0,0.0,0.0,0.0,0.0
151,Fitzgerald Toussaint,Pit,@Ind,0.0,0.0,0.0,0.0,0.0,0.0,0.0,0.0,0.0,0.0
152,Charcandrick West,KC,bye,0.0,0.0,0.0,0.0,0.0,0.0,0.0,0.0,0.0,0.0
153,Roosevelt Nix,Pit,@Ind,0.0,0.0,0.0,0.0,0.0,0.0,0.0,0.0,0.0,0.0
154,David Johnson,Ari,Sea,0.0,0.0,0.0,0.0,0.0,0.0,0.0,0.0,0.0,0.0
155,Marcus Murphy,NYJ,@TB,0.0,0.0,0.0,0.0,0.0,0.0,0.0,0.0,0.0,0.0
156,Michael Burton,Chi,GB,0.0,0.0,0.0,0.0,0.0,0.0,0.0,0.0,0.0,0.0
157,Jeremy Langford,Bal,bye,0.0,0.0,0.0,0.0,0.0,0.0,0.0,0.0,0.0,0.0
158,Jalston Fowler,Ten,Cin,0.0,0.0,0.0,0.0,0.0,0.0,0.0,0.0,0.0,0.0
159,Malcolm Johnson,Sea,@Ari,0.0,0.0,0.0,0.0,0.0,0.0,0.0,0.0,0.0,0.0
160,Joey Iosefa,NE,@Den,0.0,0.0,0.0,0.0,0.0,0.0,0.0,0.0,0.0,0.0
161,Jay Ajayi,Phi,bye,0.0,0.0,0.0,0.0,0.0,0.0,0.0,0.0,0.0,0.0
162,David Cobb,Chi,GB,0.0,0.0,0.0,0.0,0.0,0.0,0.0,0.0,0.0,0.0
163,Ameer Abdullah,Det,Cle,0.0,0.0,0.0,0.0,0.0,0.0,0.0,0.0,0.0,0.0
164,Melvin Gordon,LAC,@Jax,0.0,0.0,0.0,0.0,0.0,0.0,0.0,0.0,0.0,0.0
165,Karlos Williams,Pit,@Ind,0.0,0.0,0.0,0.0,0.0,0.0,0.0,0.0,0.0,0.0
166,Ty Montgomery,GB,@Chi,0.0,0.0,0.0,0.0,0.0,0.0,0.0,0.0,0.0,0.0
167,Javorius Allen,Bal,bye,0.0,0.0,0.0,0.0,0.0,0.0,0.0,0.0,0.0,0.0
168,Kenny Hilliard,Wsh,Min,0.0,0.0,0.0,0.0,0.0,0.0,0.0,0.0,0.0,0.0
169,Josh Robinson,Ind,Pit,0.0,0.0,0.0,0.0,0.0,0.0,0.0,0.0,0.0,0.0
170,Aaron Ripkowski,GB,@Chi,0.0,0.0,0.0,0.0,0.0,0.0,0.0,0.0,0.0,0.0
171,Tyler Varga,Ind,Pit,0.0,0.0,0.0,0.0,0.0,0.0,0.0,0.0,0.0,0.0
172,Duke Johnson Jr.,Cle,@Det,0.0,0.0,0.0,0.0,0.0,0.0,0.0,0.0,0.0,0.0
173,T.J. Yeldon,Jax,LAC,0.0,0.0,0.0,0.0,0.0,0.0,0.0,0.0,0.0,0.0
174,Todd Gurley II,LAR,Hou,0.0,0.0,0.0,0.0,0.0,0.0,0.0,0.0,0.0,0.0
175,Tevin Coleman,Atl,Dal,0.0,0.0,0.0,0.0,0.0,0.0,0.0,0.0,0.0,0.0
176,Matt Jones,Ind,Pit,0.0,0.0,0.0,0.0,0.0,0.0,0.0,0.0,0.0,0.0
177,Mike Davis,Sea,@Ari,0.0,0.0,0.0,0.0,0.0,0.0,0.0,0.0,0.0,0.0
178,Cameron Artis-Payne,Car,Mia,0.0,0.0,0.0,0.0,0.0,0.0,0.0,0.0,0.0,0.0
179,Michael Dyer,Oak,bye,0.0,0.0,0.0,0.0,0.0,0.0,0.0,0.0,0.0,0.0
180,John Crockett,Oak,bye,0.0,0.0,0.0,0.0,0.0,0.0,0.0,0.0,0.0,0.0
181,Terrence Magee,Cle,@Det,0.0,0.0,0.0,0.0,0.0,0.0,0.0,0.0,0.0,0.0
182,Thomas Rawls,Sea,@Ari,0.0,0.0,0.0,0.0,0.0,0.0,0.0,0.0,0.0,0.0
183,Gus Johnson,LAC,@Jax,0.0,0.0,0.0,0.0,0.0,0.0,0.0,0.0,0.0,0.0
184,Zach Zenner,Det,Cle,0.0,0.0,0.0,0.0,0.0,0.0,0.0,0.0,0.0,0.0
185,Malcolm Brown,LAR,Hou,0.0,0.0,0.0,0.0,0.0,0.0,0.0,0.0,0.0,0.0
186,Terron Ward,Atl,Dal,0.0,0.0,0.0,0.0,0.0,0.0,0.0,0.0,0.0,0.0
187,Jarryd Hayne,SF,NYG,0.0,0.0,0.0,0.0,0.0,0.0,0.0,0.0,0.0,0.0
188,Brandon Wegher,LAR,Hou,0.0,0.0,0.0,0.0,0.0,0.0,0.0,0.0,0.0,0.0
189,Alonzo Harris,GB,@Chi,0.0,0.0,0.0,0.0,0.0,0.0,0.0,0.0,0.0,0.0
190,Corey Grant,Jax,LAC,0.0,0.0,0.0,0.0,0.0,0.0,0.0,0.0,0.0,0.0
191,Nikita Whitlock,NYG,@SF,0.0,0.0,0.0,0.0,0.0,0.0,0.0,0.0,0.0,0.0
192,Raheem Mostert,SF,NYG,0.0,0.0,0.0,0.0,0.0,0.0,0.0,0.0,0.0,0.0
193,Rod Smith,Dal,@Atl,0.0,0.0,0.0,0.0,0.0,0.0,0.0,0.0,0.0,0.0
194,Trey Williams,Pit,@Ind,0.0,0.0,0.0,0.0,0.0,0.0,0.0,0.0,0.0,0.0
195,Akeem Hunt,KC,bye,0.0,0.0,0.0,0.0,0.0,0.0,0.0,0.0,0.0,0.0
196,Ezekiel Elliott,Dal,@Atl,0.0,0.0,0.0,0.0,0.0,0.0,0.0,0.0,0.0,0.0
197,Derrick Henry,Ten,Cin,0.0,0.0,0.0,0.0,0.0,0.0,0.0,0.0,0.0,0.0
198,Kenyan Drake,Mia,@Car,0.0,0.0,0.0,0.0,0.0,0.0,0.0,0.0,0.0,0.0
199,C.J. Prosise,Sea,@Ari,0.0,0.0,0.0,0.0,0.0,0.0,0.0,0.0,0.0,0.0
200,Tyler Ervin,Hou,@LAR,0.0,0.0,0.0,0.0,0.0,0.0,0.0,0.0,0.0,0.0
201,Kenneth Dixon,Bal,bye,0.0,0.0,0.0,0.0,0.0,0.0,0.0,0.0,0.0,0.0
202,Devontae Booker,Den,NE,0.0,0.0,0.0,0.0,0.0,0.0,0.0,0.0,0.0,0.0
203,DeAndre Washington,Oak,bye,0.0,0.0,0.0,0.0,0.0,0.0,0.0,0.0,0.0,0.0
204,Paul Perkins,NYG,@SF,0.0,0.0,0.0,0.0,0.0,0.0,0.0,0.0,0.0,0.0
205,Jordan Howard,Chi,GB,0.0,0.0,0.0,0.0,0.0,0.0,0.0,0.0,0.0,0.0
206,Wendell Smallwood,Phi,bye,0.0,0.0,0.0,0.0,0.0,0.0,0.0,0.0,0.0,0.0
207,Jonathan Williams,Buf,NO,0.0,0.0,0.0,0.0,0.0,0.0,0.0,0.0,0.0,0.0
208,Alex Collins,Bal,bye,0.0,0.0,0.0,0.0,0.0,0.0,0.0,0.0,0.0,0.0
209,Andy Janovich,Den,NE,0.0,0.0,0.0,0.0,0.0,0.0,0.0,0.0,0.0,0.0
210,Danny Vitale,Cle,@Det,0.0,0.0,0.0,0.0,0.0,0.0,0.0,0.0,0.0,0.0
211,Derek Watt,LAC,@Jax,0.0,0.0,0.0,0.0,0.0,0.0,0.0,0.0,0.0,0.0
212,Kelvin Taylor,Atl,Dal,0.0,0.0,0.0,0.0,0.0,0.0,0.0,0.0,0.0,0.0
213,Darius Jackson,Cle,@Det,0.0,0.0,0.0,0.0,0.0,0.0,0.0,0.0,0.0,0.0
214,Dwayne Washington,Det,Cle,0.0,0.0,0.0,0.0,0.0,0.0,0.0,0.0,0.0,0.0
215,Daniel Lasco,NO,@Buf,0.0,0.0,0.0,0.0,0.0,0.0,0.0,0.0,0.0,0.0
216,Keith Marshall,Wsh,Min,0.0,0.0,0.0,0.0,0.0,0.0,0.0,0.0,0.0,0.0
217,Zac Brooks,Sea,@Ari,0.0,0.0,0.0,0.0,0.0,0.0,0.0,0.0,0.0,0.0
218,Josh Ferguson,Ind,Pit,0.0,0.0,0.0,0.0,0.0,0.0,0.0,0.0,0.0,0.0
219,Terrell Watson,Pit,@Ind,0.0,0.0,0.0,0.0,0.0,0.0,0.0,0.0,0.0,0.0
220,Brandon Wilds,Cle,@Det,0.0,0.0,0.0,0.0,0.0,0.0,0.0,0.0,0.0,0.0
221,Jhurell Pressley,Atl,Dal,0.0,0.0,0.0,0.0,0.0,0.0,0.0,0.0,0.0,0.0
222,Byron Marshall,Phi,bye,0.0,0.0,0.0,0.0,0.0,0.0,0.0,0.0,0.0,0.0
223,George Atkinson III,Oak,bye,0.0,0.0,0.0,0.0,0.0,0.0,0.0,0.0,0.0,0.0
224,James Wilder Jr.,Buf,NO,0.0,0.0,0.0,0.0,0.0,0.0,0.0,0.0,0.0,0.0
225,D.J. Foster,Ari,Sea,0.0,0.0,0.0,0.0,0.0,0.0,0.0,0.0,0.0,0.0
226,Dreamius Smith,LAC,@Jax,0.0,0.0,0.0,0.0,0.0,0.0,0.0,0.0,0.0,0.0
227,Devon Johnson,Car,Mia,0.0,0.0,0.0,0.0,0.0,0.0,0.0,0.0,0.0,0.0
228,Rob Kelley,Wsh,Min,0.0,0.0,0.0,0.0,0.0,0.0,0.0,0.0,0.0,0.0
229,Jalen Richard,Oak,bye,0.0,0.0,0.0,0.0,0.0,0.0,0.0,0.0,0.0,0.0
230,Troymaine Pope,Ind,Pit,0.0,0.0,0.0,0.0,0.0,0.0,0.0,0.0,0.0,0.0
231,Glenn Gronkowski,NE,@Den,0.0,0.0,0.0,0.0,0.0,0.0,0.0,0.0,0.0,0.0
232,Julian Howsare,NYJ,@TB,0.0,0.0,0.0,0.0,0.0,0.0,0.0,0.0,0.0,0.0
233,Kenneth Farrow,LAC,@Jax,0.0,0.0,0.0,0.0,0.0,0.0,0.0,0.0,0.0,0.0
234,Paul Lasike,Chi,GB,0.0,0.0,0.0,0.0,0.0,0.0,0.0,0.0,0.0,0.0
235,Peyton Barber,TB,NYJ,0.0,0.0,0.0,0.0,0.0,0.0,0.0,0.0,0.0,0.0
236,Don Jackson,GB,@Chi,0.0,0.0,0.0,0.0,0.0,0.0,0.0,0.0,0.0,0.0
237,George Farmer,Sea,@Ari,0.0,0.0,0.0,0.0,0.0,0.0,0.0,0.0,0.0,0.0
238,Mack Brown,Min,@Wsh,0.0,0.0,0.0,0.0,0.0,0.0,0.0,0.0,0.0,0.0
239,Tarik Cohen,Chi,GB,0.0,0.0,0.0,0.0,0.0,0.0,0.0,0.0,0.0,0.0
240,Donnel Pumphrey,Phi,bye,0.0,0.0,0.0,0.0,0.0,0.0,0.0,0.0,0.0,0.0
241,De'Angelo Henderson,Den,NE,0.0,0.0,0.0,0.0,0.0,0.0,0.0,0.0,0.0,0.0
242,Alvin Kamara,NO,@Buf,0.0,0.0,0.0,0.0,0.0,0.0,0.0,0.0,0.0,0.0
243,Joe Mixon,Cin,@Ten,0.0,0.0,0.0,0.0,0.0,0.0,0.0,0.0,0.0,0.0
244,Samaje Perine,Wsh,Min,0.0,0.0,0.0,0.0,0.0,0.0,0.0,0.0,0.0,0.0
245,Elijah Hood,Oak,bye,0.0,0.0,0.0,0.0,0.0,0.0,0.0,0.0,0.0,0.0
246,D'Onta Foreman,Hou,@LAR,0.0,0.0,0.0,0.0,0.0,0.0,0.0,0.0,0.0,0.0
247,Marquez Williams,Jax,LAC,0.0,0.0,0.0,0.0,0.0,0.0,0.0,0.0,0.0,0.0
248,Marlon Mack,Ind,Pit,0.0,0.0,0.0,0.0,0.0,0.0,0.0,0.0,0.0,0.0
249,Leonard Fournette,Jax,LAC,0.0,0.0,0.0,0.0,0.0,0.0,0.0,0.0,0.0,0.0
250,Kareem Hunt,KC,bye,0.0,0.0,0.0,0.0,0.0,0.0,0.0,0.0,0.0,0.0
251,Wayne Gallman,NYG,@SF,0.0,0.0,0.0,0.0,0.0,0.0,0.0,0.0,0.0,0.0
252,James Conner,Pit,@Ind,0.0,0.0,0.0,0.0,0.0,0.0,0.0,0.0,0.0,0.0
253,Dalvin Cook,Min,@Wsh,0.0,0.0,0.0,0.0,0.0,0.0,0.0,0.0,0.0,0.0
254,Christian McCaffrey,Car,Mia,0.0,0.0,0.0,0.0,0.0,0.0,0.0,0.0,0.0,0.0
255,T.J. Logan,Ari,Sea,0.0,0.0,0.0,0.0,0.0,0.0,0.0,0.0,0.0,0.0
256,Elijah McGuire,NYJ,@TB,0.0,0.0,0.0,0.0,0.0,0.0,0.0,0.0,0.0,0.0
257,Aaron Jones,GB,@Chi,0.0,0.0,0.0,0.0,0.0,0.0,0.0,0.0,0.0,0.0
258,Sam Rogers,LAR,Hou,0.0,0.0,0.0,0.0,0.0,0.0,0.0,0.0,0.0,0.0
259,Devante Mays,GB,@Chi,0.0,0.0,0.0,0.0,0.0,0.0,0.0,0.0,0.0,0.0
260,Chris Carson,Sea,@Ari,0.0,0.0,0.0,0.0,0.0,0.0,0.0,0.0,0.0,0.0
261,Joe Williams,SF,NYG,0.0,0.0,0.0,0.0,0.0,0.0,0.0,0.0,0.0,0.0
262,Jamaal Williams,GB,@Chi,0.0,0.0,0.0,0.0,0.0,0.0,0.0,0.0,0.0,0.0
263,Matthew Dayes,Cle,@Det,0.0,0.0,0.0,0.0,0.0,0.0,0.0,0.0,0.0,0.0
264,Khalfani Muhammad,Ten,Cin,0.0,0.0,0.0,0.0,0.0,0.0,0.0,0.0,0.0,0.0
265,Jeremy McNichols,TB,NYJ,0.0,0.0,0.0,0.0,0.0,0.0,0.0,0.0,0.0,0.0
266,Brian Hill,Atl,Dal,0.0,0.0,0.0,0.0,0.0,0.0,0.0,0.0,0.0,0.0
267,Freddie Stevenson,Chi,GB,0.0,0.0,0.0,0.0,0.0,0.0,0.0,0.0,0.0,0.0
268,Matt Breida,SF,NYG,0.0,0.0,0.0,0.0,0.0,0.0,0.0,0.0,0.0,0.0
269,Corey Clement,Phi,bye,0.0,0.0,0.0,0.0,0.0,0.0,0.0,0.0,0.0,0.0
270,Algernon Brown,NYJ,@TB,0.0,0.0,0.0,0.0,0.0,0.0,0.0,0.0,0.0,0.0
271,Jahad Thomas,NYJ,@TB,0.0,0.0,0.0,0.0,0.0,0.0,0.0,0.0,0.0,0.0
272,Austin Ekeler,LAC,@Jax,0.0,0.0,0.0,0.0,0.0,0.0,0.0,0.0,0.0,0.0
273,David Fluellen,Ten,Cin,0.0,0.0,0.0,0.0,0.0,0.0,0.0,0.0,0.0,0.0
274,Elijhaa Penny,Ari,Sea,0.0,0.0,0.0,0.0,0.0,0.0,0.0,0.0,0.0,0.0
275,J.D. McKissic,Sea,@Ari,0.0,0.0,0.0,0.0,0.0,0.0,0.0,0.0,0.0,0.0
276,Justin Davis,LAR,Hou,0.0,0.0,0.0,0.0,0.0,0.0,0.0,0.0,0.0,0.0
277,Taquan Mizzell,Chi,GB,0.0,0.0,0.0,0.0,0.0,0.0,0.0,0.0,0.0,0.0
278,C.J. Ham,Min,@Wsh,0.0,0.0,0.0,0.0,0.0,0.0,0.0,0.0,0.0,0.0
279,Trey Edmunds,NO,@Buf,0.0,0.0,0.0,0.0,0.0,0.0,0.0,0.0,0.0,0.0
